 VARIABLES=YC,YP,U,V,W,URMS,VRMS,WRMS,T11,T22,T33,T12,T13,T23
 0.00000E+00  0.00000E+00 -0.77420E-02  0.00000E+00  0.00000E+00  0.43020E-02  0.00000E+00  0.00000E+00 -0.18507E-04
 0.00000E+00  0.00000E+00  0.00000E+00  0.00000E+00  0.00000E+00
 0.97247E-03  0.39764E+00  0.77430E-02  0.00000E+00 -0.55389E-04  0.43024E-02  0.00000E+00  0.37456E-02 -0.18511E-04
 0.00000E+00 -0.14030E-04  0.00000E+00  0.71851E-05  0.00000E+00
 0.30866E-02  0.12621E+01  0.41335E-01 -0.21396E-19 -0.17501E-03  0.22955E-01  0.15942E-03  0.11047E-01 -0.52695E-03
-0.25414E-07 -0.12203E-03  0.19677E-05  0.11605E-03 -0.12163E-05
 0.55681E-02  0.22768E+01  0.80364E-01 -0.21457E-19 -0.31184E-03  0.44113E-01  0.72067E-03  0.18235E-01 -0.19460E-02
-0.51937E-06 -0.33251E-03  0.15541E-04  0.37472E-03 -0.82535E-05
 0.84795E-02  0.34672E+01  0.12479E+00 -0.17960E-19 -0.46429E-03  0.66326E-01  0.18108E-02  0.24900E-01 -0.43992E-02
-0.32789E-05 -0.62000E-03  0.55152E-04  0.77377E-03 -0.25722E-04
 0.11894E-01  0.48633E+01  0.17352E+00 -0.25927E-19 -0.62763E-03  0.86991E-01  0.35207E-02  0.30678E-01 -0.75675E-02
-0.12395E-04 -0.94112E-03  0.13209E-03  0.12346E-02 -0.54243E-04
 0.15895E-01  0.64996E+01  0.22433E+00 -0.34067E-19 -0.79261E-03  0.10338E+00  0.58674E-02  0.35434E-01 -0.10688E-01
-0.34427E-04 -0.12556E-02  0.24567E-03  0.16353E-02 -0.87672E-04
 0.20583E-01  0.84162E+01  0.27430E+00 -0.13605E-19 -0.94485E-03  0.11385E+00  0.87731E-02  0.39241E-01 -0.12962E-01
-0.76967E-04 -0.15398E-02  0.38281E-03  0.18742E-02 -0.11525E-03
 0.26069E-01  0.10659E+02  0.32073E+00  0.37058E-20 -0.10636E-02  0.11833E+00  0.12082E-01  0.42207E-01 -0.14003E-01
-0.14598E-03 -0.17814E-02  0.52465E-03  0.19179E-02 -0.12762E-03
 0.32484E-01  0.13282E+02  0.36178E+00  0.56116E-20 -0.11036E-02  0.11795E+00  0.15618E-01  0.44413E-01 -0.13912E-01
-0.24392E-03 -0.19725E-02  0.65386E-03  0.18021E-02 -0.12064E-03
 0.39978E-01  0.16347E+02  0.39678E+00 -0.75280E-19 -0.96803E-03  0.11418E+00  0.19225E-01  0.45961E-01 -0.13037E-01
-0.36961E-03 -0.21124E-02  0.76179E-03  0.15982E-02 -0.94707E-04
 0.48721E-01  0.19922E+02  0.42616E+00  0.37799E-19 -0.58244E-03  0.10852E+00  0.22763E-01  0.47044E-01 -0.11778E-01
-0.51813E-03 -0.22132E-02  0.84884E-03  0.13707E-02 -0.52221E-04
 0.58908E-01  0.24087E+02  0.45105E+00 -0.30281E-19 -0.37816E-04  0.10230E+00  0.26091E-01  0.47889E-01 -0.10465E-01
-0.68076E-03 -0.22933E-02  0.92279E-03  0.11542E-02  0.74852E-06
 0.70756E-01  0.28932E+02  0.47222E+00  0.81950E-19  0.37753E-03  0.96145E-01  0.29103E-01  0.48124E-01 -0.92438E-02
-0.84699E-03 -0.23159E-02  0.99014E-03  0.92253E-03  0.54967E-04
 0.84512E-01  0.34557E+02  0.49034E+00 -0.10757E-18  0.36553E-03  0.90575E-01  0.31771E-01  0.47697E-01 -0.82039E-02
-0.10094E-02 -0.22750E-02  0.10592E-02  0.69953E-03  0.10250E-03
 0.10045E+00  0.41072E+02  0.50736E+00 -0.15458E-18  0.24926E-03  0.85421E-01  0.34035E-01  0.47373E-01 -0.72968E-02
-0.11584E-02 -0.22442E-02  0.11249E-02  0.53336E-03  0.12792E-03
 0.11885E+00  0.48599E+02  0.52229E+00 -0.60669E-19  0.37018E-03  0.81640E-01  0.35863E-01  0.47120E-01 -0.66651E-02
-0.12862E-02 -0.22203E-02  0.12084E-02  0.36518E-03  0.14686E-03
 0.14006E+00  0.57270E+02  0.53619E+00 -0.26803E-18  0.51653E-03  0.78551E-01  0.37157E-01  0.47106E-01 -0.61702E-02
-0.13806E-02 -0.22190E-02  0.12702E-02  0.24968E-03  0.16901E-03
 0.16440E+00  0.67224E+02  0.55247E+00  0.27740E-19  0.59539E-03  0.75877E-01  0.38007E-01  0.46784E-01 -0.57574E-02
-0.14446E-02 -0.21887E-02  0.13010E-02  0.17829E-03  0.20699E-03
 0.19224E+00  0.78606E+02  0.56877E+00 -0.18381E-18  0.20427E-02  0.73678E-01  0.38514E-01  0.46679E-01 -0.54285E-02
-0.14833E-02 -0.21790E-02  0.13134E-02  0.31507E-04  0.23982E-03
 0.22393E+00  0.91562E+02  0.58465E+00 -0.40816E-19  0.41391E-02  0.72609E-01  0.38893E-01  0.47448E-01 -0.52720E-02
-0.15127E-02 -0.22514E-02  0.13105E-02 -0.35575E-04  0.25965E-03
 0.25981E+00  0.10624E+03  0.60351E+00  0.10111E-19  0.40120E-02  0.70850E-01  0.39320E-01  0.47559E-01 -0.50198E-02
-0.15461E-02 -0.22619E-02  0.12880E-02  0.15109E-04  0.30357E-03
 0.30022E+00  0.12276E+03  0.62410E+00 -0.69668E-19  0.34163E-02  0.69793E-01  0.38762E-01  0.47181E-01 -0.48711E-02
-0.15025E-02 -0.22261E-02  0.13013E-02  0.33100E-04  0.27846E-03
 0.34542E+00  0.14124E+03  0.64215E+00  0.45316E-19  0.38122E-02  0.68648E-01  0.38631E-01  0.45861E-01 -0.47125E-02
-0.14924E-02 -0.21032E-02  0.12707E-02  0.15953E-03  0.25378E-03
 0.39562E+00  0.16177E+03  0.66057E+00  0.46587E-20  0.13260E-02  0.65931E-01  0.38850E-01  0.44424E-01 -0.43468E-02
-0.15093E-02 -0.19735E-02  0.11615E-02  0.72527E-04  0.24125E-03
 0.45092E+00  0.18438E+03  0.68020E+00 -0.75386E-19 -0.22372E-03  0.63236E-01  0.38618E-01  0.42879E-01 -0.39988E-02
-0.14914E-02 -0.18386E-02  0.11174E-02  0.11183E-03  0.21843E-03
 0.51130E+00  0.20907E+03  0.70416E+00 -0.16263E-18 -0.31811E-02  0.63021E-01  0.37683E-01  0.43212E-01 -0.39716E-02
-0.14200E-02 -0.18672E-02  0.10626E-02  0.31652E-03  0.17312E-03
 0.57660E+00  0.23577E+03  0.73016E+00 -0.18444E-18 -0.28129E-02  0.61716E-01  0.36011E-01  0.41476E-01 -0.38089E-02
-0.12968E-02 -0.17202E-02  0.92813E-03  0.34536E-03  0.18183E-03
 0.64647E+00  0.26434E+03  0.74954E+00 -0.64586E-19  0.54186E-03  0.52858E-01  0.34182E-01  0.36625E-01 -0.27940E-02
-0.11684E-02 -0.13414E-02  0.78581E-03  0.25028E-03  0.11220E-03
 0.72040E+00  0.29457E+03  0.76926E+00  0.61833E-19 -0.20090E-03  0.49356E-01  0.31625E-01  0.32692E-01 -0.24360E-02
-0.10002E-02 -0.10688E-02  0.66337E-03  0.16032E-03  0.89466E-04
 0.79772E+00  0.32618E+03  0.77963E+00 -0.24331E-18  0.78338E-03  0.43046E-01  0.29853E-01  0.28170E-01 -0.18530E-02
-0.89119E-03 -0.79352E-03  0.56778E-03  0.53726E-04  0.15032E-03
 0.87758E+00  0.35884E+03  0.79136E+00  0.66704E-19 -0.13633E-02  0.36779E-01  0.27165E-01  0.24966E-01 -0.13527E-02
-0.73793E-03 -0.62330E-03  0.45768E-03  0.43945E-04  0.10504E-03
 0.95901E+00  0.39214E+03  0.79876E+00  0.26046E-19 -0.20807E-02  0.30148E-01  0.24720E-01  0.21369E-01 -0.90891E-03
-0.61106E-03 -0.45664E-03  0.22946E-03  0.15695E-04  0.98061E-04
 0.10410E+01  0.42565E+03  0.79977E+00  0.49128E-19 -0.32027E-02  0.28393E-01  0.23299E-01  0.21738E-01 -0.80615E-03
-0.54284E-03 -0.47254E-03 -0.18237E-04  0.11763E-05  0.89659E-04
 0.11224E+01  0.45895E+03  0.79267E+00  0.53998E-20 -0.53864E-03  0.33023E-01  0.23772E-01  0.24222E-01 -0.10905E-02
-0.56510E-03 -0.58669E-03 -0.21019E-03 -0.67412E-05  0.44253E-04
 0.12023E+01  0.49161E+03  0.78205E+00 -0.59292E-19  0.17526E-02  0.40275E-01  0.26171E-01  0.28477E-01 -0.16221E-02
-0.68491E-03 -0.81093E-03 -0.35799E-03  0.10974E-03  0.58552E-04
 0.12796E+01  0.52322E+03  0.76667E+00 -0.13468E-18  0.37622E-02  0.48253E-01  0.29085E-01  0.31793E-01 -0.23284E-02
-0.84593E-03 -0.10108E-02 -0.53713E-03  0.96104E-04  0.67373E-04
 0.13535E+01  0.55345E+03  0.74531E+00 -0.12705E-19  0.29846E-02  0.55238E-01  0.31243E-01  0.35604E-01 -0.30512E-02
-0.97614E-03 -0.12676E-02 -0.70123E-03  0.81162E-04  0.65638E-04
 0.14234E+01  0.58202E+03  0.72405E+00 -0.12451E-18  0.37088E-02  0.59732E-01  0.34066E-01  0.38215E-01 -0.35679E-02
-0.11605E-02 -0.14604E-02 -0.80841E-03  0.11606E-03  0.49964E-04
 0.14887E+01  0.60872E+03  0.70302E+00 -0.63527E-20  0.11721E-02  0.63427E-01  0.36788E-01  0.40659E-01 -0.40230E-02
-0.13534E-02 -0.16531E-02 -0.90885E-03  0.21384E-03  0.12133E-03
 0.15491E+01  0.63341E+03  0.68182E+00 -0.52410E-19  0.22199E-02  0.64566E-01  0.38077E-01  0.41494E-01 -0.41687E-02
-0.14498E-02 -0.17217E-02 -0.93239E-03  0.24629E-03  0.14623E-03
 0.16044E+01  0.65602E+03  0.65990E+00 -0.45528E-20 -0.43609E-03  0.65922E-01  0.38608E-01  0.42936E-01 -0.43456E-02
-0.14906E-02 -0.18435E-02 -0.10172E-02  0.17254E-03  0.16688E-03
 0.16546E+01  0.67655E+03  0.64117E+00 -0.14775E-18 -0.22835E-02  0.65551E-01  0.39234E-01  0.44921E-01 -0.42969E-02
-0.15393E-02 -0.20179E-02 -0.10508E-02  0.30815E-03  0.15711E-03
 0.16998E+01  0.69503E+03  0.62214E+00  0.59292E-19 -0.21136E-02  0.67674E-01  0.39511E-01  0.46101E-01 -0.45797E-02
-0.15611E-02 -0.21253E-02 -0.11097E-02  0.39618E-03  0.13713E-03
 0.17402E+01  0.71156E+03  0.60235E+00  0.16327E-18 -0.18493E-02  0.69767E-01  0.39657E-01  0.46309E-01 -0.48674E-02
-0.15726E-02 -0.21445E-02 -0.11639E-02  0.42229E-03  0.14640E-03
 0.17761E+01  0.72623E+03  0.58480E+00  0.52516E-19 -0.36013E-02  0.68789E-01  0.39198E-01  0.46586E-01 -0.47319E-02
-0.15365E-02 -0.21702E-02 -0.11608E-02  0.32925E-03  0.13466E-03
 0.18078E+01  0.73919E+03  0.57067E+00  0.19016E-18 -0.47931E-02  0.70683E-01  0.38369E-01  0.45815E-01 -0.49961E-02
-0.14722E-02 -0.20990E-02 -0.11571E-02  0.26842E-03  0.10285E-03
 0.18356E+01  0.75057E+03  0.55504E+00 -0.96403E-19 -0.51522E-02  0.72718E-01  0.37594E-01  0.45752E-01 -0.52879E-02
-0.14133E-02 -0.20932E-02 -0.11231E-02  0.24609E-03  0.80777E-04
 0.18599E+01  0.76052E+03  0.53800E+00 -0.24140E-19 -0.44196E-02  0.75923E-01  0.36744E-01  0.46152E-01 -0.57644E-02
-0.13501E-02 -0.21300E-02 -0.11139E-02  0.25730E-03  0.69380E-04
 0.18811E+01  0.76919E+03  0.52151E+00  0.11700E-18 -0.27202E-02  0.79213E-01  0.35761E-01  0.46426E-01 -0.62747E-02
-0.12789E-02 -0.21554E-02 -0.11210E-02  0.38155E-03  0.61787E-04
 0.18996E+01  0.77672E+03  0.50470E+00 -0.84280E-19 -0.16403E-02  0.83684E-01  0.34612E-01  0.47276E-01 -0.70031E-02
-0.11980E-02 -0.22351E-02 -0.11103E-02  0.51581E-03  0.82017E-04
 0.19155E+01  0.78323E+03  0.48788E+00 -0.86821E-19 -0.12385E-02  0.89089E-01  0.32961E-01  0.48158E-01 -0.79368E-02
-0.10864E-02 -0.23192E-02 -0.11154E-02  0.74270E-03  0.10295E-03
 0.19292E+01  0.78886E+03  0.46955E+00 -0.29434E-19 -0.11310E-02  0.94569E-01  0.30880E-01  0.48024E-01 -0.89432E-02
-0.95356E-03 -0.23063E-02 -0.11093E-02  0.96970E-03  0.12766E-03
 0.19411E+01  0.79370E+03  0.44857E+00 -0.33881E-20 -0.10673E-02  0.10164E+00  0.28384E-01  0.47383E-01 -0.10331E-01
-0.80563E-03 -0.22452E-02 -0.10857E-02  0.11728E-02  0.15581E-03
 0.19513E+01  0.79787E+03  0.42435E+00  0.13341E-18 -0.94921E-03  0.10899E+00  0.25463E-01  0.46420E-01 -0.11879E-01
-0.64838E-03 -0.21548E-02 -0.10415E-02  0.14227E-02  0.18290E-03
 0.19600E+01  0.80144E+03  0.39538E+00 -0.19482E-19 -0.79386E-03  0.11544E+00  0.22198E-01  0.45178E-01 -0.13327E-01
-0.49273E-03 -0.20410E-02 -0.97216E-03  0.16792E-02  0.20491E-03
 0.19675E+01  0.80451E+03  0.36064E+00 -0.48281E-19 -0.63755E-03  0.11959E+00  0.18687E-01  0.43444E-01 -0.14302E-01
-0.34919E-03 -0.18874E-02 -0.87115E-03  0.18760E-02  0.21365E-03
 0.19739E+01  0.80713E+03  0.31971E+00 -0.13870E-19 -0.51045E-03  0.11973E+00  0.15081E-01  0.41002E-01 -0.14335E-01
-0.22744E-03 -0.16812E-02 -0.73378E-03  0.19393E-02  0.20333E-03
 0.19794E+01  0.80938E+03  0.27321E+00  0.19482E-19 -0.41949E-03  0.11419E+00  0.11563E-01  0.37827E-01 -0.13038E-01
-0.13371E-03 -0.14309E-02 -0.56441E-03  0.18249E-02  0.17408E-03
 0.19841E+01  0.81129E+03  0.22310E+00  0.21123E-19 -0.35159E-03  0.10226E+00  0.83198E-02  0.33945E-01 -0.10457E-01
-0.69219E-04 -0.11523E-02 -0.38377E-03  0.15346E-02  0.13139E-03
 0.19881E+01  0.81293E+03  0.17230E+00 -0.25967E-19 -0.28893E-03  0.84861E-01  0.55202E-02  0.29258E-01 -0.72014E-02
-0.30473E-04 -0.85600E-03 -0.22139E-03  0.11227E-02  0.84799E-04
 0.19915E+01  0.81432E+03  0.12375E+00 -0.15723E-19 -0.22232E-03  0.64001E-01  0.32888E-02  0.23644E-01 -0.40961E-02
-0.10816E-04 -0.55904E-03 -0.10303E-03  0.68660E-03  0.44652E-04
 0.19944E+01  0.81551E+03  0.79639E-01  0.48175E-20 -0.15318E-03  0.42275E-01  0.16834E-02  0.17242E-01 -0.17872E-02
-0.28339E-05 -0.29730E-03 -0.35652E-04  0.32698E-03  0.17831E-04
 0.19969E+01  0.81653E+03  0.40951E-01 -0.16775E-20 -0.86982E-04  0.21939E-01  0.66911E-03  0.10416E-01 -0.48130E-03
-0.44770E-06 -0.10849E-03 -0.75138E-05  0.10029E-03  0.45378E-05
 0.19990E+01  0.81739E+03  0.76710E-02  0.24898E-21 -0.27613E-04  0.41117E-02  0.14837E-03  0.35262E-02 -0.16906E-04
-0.22013E-07 -0.12434E-04 -0.33019E-06  0.61810E-05  0.36562E-06
