 VARIABLES=YC,YP,UN,VN,WN,URMSN,VRMSN,WRMSN,T11N,T22N,T33N,T12N,T13N,T23N
 0.00000E+00  0.00000E+00 -0.19881E+00  0.00000E+00  0.00000E+00  0.11047E+00  0.00000E+00  0.00000E+00 -0.12204E-01  0.00000E+00  0.00000E+00  0.00000E+00  0.00000E+00
 0.00000E+00
 0.97247E-03  0.39764E+00  0.19883E+00  0.00000E+00 -0.14223E-02  0.11048E+00  0.00000E+00  0.96184E-01 -0.12206E-01  0.00000E+00 -0.92513E-02  0.00000E+00  0.47379E-02
 0.00000E+00
 0.30866E-02  0.12621E+01  0.10614E+01 -0.54942E-18 -0.44942E-02  0.58947E+00  0.40937E-02  0.28367E+00 -0.34747E+00 -0.16758E-04 -0.80470E-01  0.12975E-02  0.76525E-01
-0.80203E-03
 0.55681E-02  0.22768E+01  0.20637E+01 -0.55099E-18 -0.80076E-02  0.11328E+01  0.18506E-01  0.46825E+00 -0.12832E+01 -0.34248E-03 -0.21926E+00  0.10248E-01  0.24709E+00
-0.54424E-02
 0.84795E-02  0.34672E+01  0.32044E+01 -0.46119E-18 -0.11922E-01  0.17032E+01  0.46499E-01  0.63940E+00 -0.29009E+01 -0.21621E-02 -0.40883E+00  0.36368E-01  0.51023E+00
-0.16961E-01
 0.11894E-01  0.48633E+01  0.44558E+01 -0.66578E-18 -0.16117E-01  0.22338E+01  0.90408E-01  0.78777E+00 -0.49900E+01 -0.81736E-02 -0.62058E+00  0.87103E-01  0.81413E+00
-0.35768E-01
 0.15895E-01  0.64996E+01  0.57604E+01 -0.87479E-18 -0.20353E-01  0.26548E+01  0.15067E+00  0.90991E+00 -0.70478E+01 -0.22701E-01 -0.82793E+00  0.16199E+00  0.10783E+01
-0.57811E-01
 0.20583E-01  0.84162E+01  0.70438E+01 -0.34937E-18 -0.24263E-01  0.29236E+01  0.22528E+00  0.10077E+01 -0.85472E+01 -0.50753E-01 -0.10154E+01  0.25242E+00  0.12359E+01
-0.75998E-01
 0.26069E-01  0.10659E+02  0.82360E+01  0.95160E-19 -0.27311E-01  0.30387E+01  0.31026E+00  0.10838E+01 -0.92335E+01 -0.96260E-01 -0.11747E+01  0.34596E+00  0.12647E+01
-0.84153E-01
 0.32484E-01  0.13282E+02  0.92901E+01  0.14410E-18 -0.28338E-01  0.30288E+01  0.40106E+00  0.11405E+01 -0.91734E+01 -0.16085E+00 -0.13007E+01  0.43116E+00  0.11883E+01
-0.79553E-01
 0.39978E-01  0.16347E+02  0.10189E+02 -0.19331E-17 -0.24858E-01  0.29320E+01  0.49369E+00  0.11802E+01 -0.85966E+01 -0.24373E+00 -0.13929E+01  0.50233E+00  0.10539E+01
-0.62450E-01
 0.48721E-01  0.19922E+02  0.10943E+02  0.97063E-18 -0.14956E-01  0.27868E+01  0.58452E+00  0.12081E+01 -0.77663E+01 -0.34166E+00 -0.14594E+01  0.55973E+00  0.90385E+00
-0.34435E-01
 0.58908E-01  0.24087E+02  0.11582E+02 -0.77759E-18 -0.97106E-03  0.26269E+01  0.67000E+00  0.12297E+01 -0.69008E+01 -0.44890E+00 -0.15122E+01  0.60849E+00  0.76106E+00
 0.49358E-03
 0.70756E-01  0.28932E+02  0.12126E+02  0.21044E-17  0.96946E-02  0.24689E+01  0.74734E+00  0.12358E+01 -0.60954E+01 -0.55851E+00 -0.15271E+01  0.65291E+00  0.60832E+00
 0.36246E-01
 0.84512E-01  0.34557E+02  0.12591E+02 -0.27624E-17  0.93864E-02  0.23259E+01  0.81584E+00  0.12248E+01 -0.54097E+01 -0.66560E+00 -0.15002E+01  0.69845E+00  0.46128E+00
 0.67586E-01
 0.10045E+00  0.41072E+02  0.13029E+02 -0.39695E-17  0.64008E-02  0.21935E+01  0.87397E+00  0.12165E+01 -0.48116E+01 -0.76383E+00 -0.14798E+01  0.74178E+00  0.35170E+00
 0.84353E-01
 0.11885E+00  0.48599E+02  0.13412E+02 -0.15579E-17  0.95059E-02  0.20964E+01  0.92093E+00  0.12100E+01 -0.43950E+01 -0.84811E+00 -0.14641E+01  0.79683E+00  0.24080E+00
 0.96842E-01
 0.14006E+00  0.57270E+02  0.13769E+02 -0.68828E-17  0.13264E-01  0.20171E+01  0.95415E+00  0.12096E+01 -0.40687E+01 -0.91040E+00 -0.14632E+01  0.83756E+00  0.16464E+00
 0.11144E+00
 0.16440E+00  0.67224E+02  0.14187E+02  0.71234E-18  0.15289E-01  0.19484E+01  0.97599E+00  0.12014E+01 -0.37964E+01 -0.95255E+00 -0.14433E+01  0.85787E+00  0.11757E+00
 0.13649E+00
 0.19224E+00  0.78606E+02  0.14606E+02 -0.47199E-17  0.52453E-01  0.18920E+01  0.98899E+00  0.11987E+01 -0.35796E+01 -0.97810E+00 -0.14368E+01  0.86605E+00  0.20776E-01
 0.15814E+00
 0.22393E+00  0.91562E+02  0.15013E+02 -0.10481E-17  0.10629E+00  0.18645E+01  0.99873E+00  0.12184E+01 -0.34764E+01 -0.99746E+00 -0.14846E+01  0.86412E+00 -0.23458E-01
 0.17121E+00
 0.25981E+00  0.10624E+03  0.15498E+02  0.25965E-18  0.10302E+00  0.18194E+01  0.10097E+01  0.12213E+01 -0.33101E+01 -0.10195E+01 -0.14915E+01  0.84930E+00  0.99627E-02
 0.20017E+00
 0.30022E+00  0.12276E+03  0.16026E+02 -0.17890E-17  0.87726E-01  0.17922E+01  0.99536E+00  0.12116E+01 -0.32121E+01 -0.99074E+00 -0.14679E+01  0.85810E+00  0.21826E-01
 0.18362E+00
 0.34542E+00  0.14124E+03  0.16490E+02  0.11637E-17  0.97894E-01  0.17628E+01  0.99201E+00  0.11776E+01 -0.31075E+01 -0.98408E+00 -0.13869E+01  0.83788E+00  0.10520E+00
 0.16734E+00
 0.39562E+00  0.16177E+03  0.16963E+02  0.11963E-18  0.34051E-01  0.16930E+01  0.99763E+00  0.11408E+01 -0.28663E+01 -0.99526E+00 -0.13013E+01  0.76589E+00  0.47825E-01
 0.15908E+00
 0.45092E+00  0.18438E+03  0.17467E+02 -0.19358E-17 -0.57448E-02  0.16238E+01  0.99168E+00  0.11011E+01 -0.26369E+01 -0.98343E+00 -0.12124E+01  0.73685E+00  0.73744E-01
 0.14404E+00
 0.51130E+00  0.20907E+03  0.18082E+02 -0.41762E-17 -0.81687E-01  0.16183E+01  0.96766E+00  0.11096E+01 -0.26189E+01 -0.93637E+00 -0.12313E+01  0.70066E+00  0.20872E+00
 0.11415E+00
 0.57660E+00  0.23577E+03  0.18750E+02 -0.47363E-17 -0.72231E-01  0.15848E+01  0.92471E+00  0.10651E+01 -0.25116E+01 -0.85510E+00 -0.11343E+01  0.61201E+00  0.22773E+00
 0.11990E+00
 0.64647E+00  0.26434E+03  0.19247E+02 -0.16585E-17  0.13914E-01  0.13573E+01  0.87776E+00  0.94049E+00 -0.18424E+01 -0.77047E+00 -0.88452E+00  0.51817E+00  0.16503E+00
 0.73987E-01
 0.72040E+00  0.29457E+03  0.19754E+02  0.15878E-17 -0.51589E-02  0.12674E+01  0.81211E+00  0.83950E+00 -0.16063E+01 -0.65952E+00 -0.70477E+00  0.43743E+00  0.10571E+00
 0.58995E-01
 0.79772E+00  0.32618E+03  0.20020E+02 -0.62479E-17  0.20116E-01  0.11054E+01  0.76659E+00  0.72336E+00 -0.12219E+01 -0.58766E+00 -0.52326E+00  0.37440E+00  0.35427E-01
 0.99120E-01
 0.87758E+00  0.35884E+03  0.20321E+02  0.17129E-17 -0.35008E-01  0.94445E+00  0.69756E+00  0.64110E+00 -0.89199E+00 -0.48659E+00 -0.41101E+00  0.30180E+00  0.28978E-01
 0.69267E-01
 0.95901E+00  0.39214E+03  0.20511E+02  0.66884E-18 -0.53429E-01  0.77417E+00  0.63477E+00  0.54874E+00 -0.59934E+00 -0.40294E+00 -0.30111E+00  0.15131E+00  0.10349E-01
 0.64662E-01
 0.10410E+01  0.42565E+03  0.20537E+02  0.12616E-17 -0.82242E-01  0.72910E+00  0.59829E+00  0.55821E+00 -0.53158E+00 -0.35795E+00 -0.31160E+00 -0.12025E-01  0.77567E-03
 0.59122E-01
 0.11224E+01  0.45895E+03  0.20355E+02  0.13866E-18 -0.13832E-01  0.84800E+00  0.61044E+00  0.62199E+00 -0.71910E+00 -0.37263E+00 -0.38687E+00 -0.13860E+00 -0.44452E-02
 0.29181E-01
 0.12023E+01  0.49161E+03  0.20082E+02 -0.15226E-17  0.45004E-01  0.10342E+01  0.67204E+00  0.73126E+00 -0.10696E+01 -0.45164E+00 -0.53474E+00 -0.23606E+00  0.72361E-01
 0.38609E-01
 0.12796E+01  0.52322E+03  0.19687E+02 -0.34584E-17  0.96609E-01  0.12391E+01  0.74687E+00  0.81641E+00 -0.15354E+01 -0.55782E+00 -0.66653E+00 -0.35419E+00  0.63372E-01
 0.44426E-01
 0.13535E+01  0.55345E+03  0.19139E+02 -0.32626E-18  0.76641E-01  0.14184E+01  0.80229E+00  0.91427E+00 -0.20120E+01 -0.64367E+00 -0.83588E+00 -0.46240E+00  0.53519E-01
 0.43282E-01
 0.14234E+01  0.58202E+03  0.18593E+02 -0.31974E-17  0.95238E-01  0.15338E+01  0.87479E+00  0.98132E+00 -0.23527E+01 -0.76525E+00 -0.96300E+00 -0.53307E+00  0.76534E-01
 0.32946E-01
 0.14887E+01  0.60872E+03  0.18053E+02 -0.16313E-18  0.30098E-01  0.16287E+01  0.94469E+00  0.10441E+01 -0.26528E+01 -0.89243E+00 -0.10901E+01 -0.59930E+00  0.14100E+00
 0.80004E-01
 0.15491E+01  0.63341E+03  0.17508E+02 -0.13458E-17  0.57005E-01  0.16580E+01  0.97777E+00  0.10655E+01 -0.27489E+01 -0.95603E+00 -0.11353E+01 -0.61483E+00  0.16240E+00
 0.96426E-01
 0.16044E+01  0.65602E+03  0.16945E+02 -0.11691E-18 -0.11198E-01  0.16928E+01  0.99141E+00  0.11025E+01 -0.28655E+01 -0.98290E+00 -0.12156E+01 -0.67074E+00  0.11378E+00
 0.11004E+00
 0.16546E+01  0.67655E+03  0.16465E+02 -0.37942E-17 -0.58637E-01  0.16833E+01  0.10075E+01  0.11535E+01 -0.28334E+01 -0.10150E+01 -0.13306E+01 -0.69288E+00  0.20320E+00
 0.10360E+00
 0.16998E+01  0.69503E+03  0.15976E+02  0.15226E-17 -0.54275E-01  0.17378E+01  0.10146E+01  0.11838E+01 -0.30199E+01 -0.10294E+01 -0.14015E+01 -0.73174E+00  0.26124E+00
 0.90423E-01
 0.17402E+01  0.71156E+03  0.15468E+02  0.41925E-17 -0.47489E-01  0.17915E+01  0.10183E+01  0.11892E+01 -0.32096E+01 -0.10370E+01 -0.14141E+01 -0.76745E+00  0.27846E+00
 0.96537E-01
 0.17761E+01  0.72623E+03  0.15017E+02  0.13486E-17 -0.92477E-01  0.17664E+01  0.10066E+01  0.11963E+01 -0.31203E+01 -0.10132E+01 -0.14311E+01 -0.76541E+00  0.21711E+00
 0.88793E-01
 0.18078E+01  0.73919E+03  0.14654E+02  0.48831E-17 -0.12308E+00  0.18151E+01  0.98527E+00  0.11765E+01 -0.32945E+01 -0.97075E+00 -0.13841E+01 -0.76303E+00  0.17700E+00
 0.67819E-01
 0.18356E+01  0.75057E+03  0.14253E+02 -0.24755E-17 -0.13230E+00  0.18673E+01  0.96539E+00  0.11749E+01 -0.34869E+01 -0.93197E+00 -0.13803E+01 -0.74060E+00  0.16228E+00
 0.53265E-01
 0.18599E+01  0.76052E+03  0.13815E+02 -0.61990E-18 -0.11349E+00  0.19496E+01  0.94354E+00  0.11851E+01 -0.38011E+01 -0.89026E+00 -0.14045E+01 -0.73450E+00  0.16967E+00
 0.45750E-01
 0.18811E+01  0.76919E+03  0.13392E+02  0.30043E-17 -0.69851E-01  0.20341E+01  0.91831E+00  0.11922E+01 -0.41376E+01 -0.84329E+00 -0.14213E+01 -0.73919E+00  0.25160E+00
 0.40743E-01
 0.18996E+01  0.77672E+03  0.12960E+02 -0.21642E-17 -0.42120E-01  0.21489E+01  0.88880E+00  0.12140E+01 -0.46179E+01 -0.78996E+00 -0.14738E+01 -0.73216E+00  0.34013E+00
 0.54083E-01
 0.19155E+01  0.78323E+03  0.12528E+02 -0.22295E-17 -0.31803E-01  0.22877E+01  0.84639E+00  0.12366E+01 -0.52336E+01 -0.71638E+00 -0.15293E+01 -0.73547E+00  0.48974E+00
 0.67888E-01
 0.19292E+01  0.78886E+03  0.12058E+02 -0.75584E-18 -0.29044E-01  0.24284E+01  0.79296E+00  0.12332E+01 -0.58972E+01 -0.62878E+00 -0.15208E+01 -0.73148E+00  0.63943E+00
 0.84179E-01
 0.19411E+01  0.79370E+03  0.11519E+02 -0.87004E-19 -0.27406E-01  0.26100E+01  0.72886E+00  0.12168E+01 -0.68122E+01 -0.53124E+00 -0.14805E+01 -0.71592E+00  0.77335E+00
 0.10274E+00
 0.19513E+01  0.79787E+03  0.10897E+02  0.34258E-17 -0.24375E-01  0.27988E+01  0.65387E+00  0.11920E+01 -0.78332E+01 -0.42754E+00 -0.14209E+01 -0.68677E+00  0.93813E+00
 0.12061E+00
 0.19600E+01  0.80144E+03  0.10153E+02 -0.50027E-18 -0.20386E-01  0.29644E+01  0.57001E+00  0.11601E+01 -0.87879E+01 -0.32491E+00 -0.13459E+01 -0.64105E+00  0.11073E+01
 0.13512E+00
 0.19675E+01  0.80451E+03  0.92609E+01 -0.12398E-17 -0.16372E-01  0.30709E+01  0.47985E+00  0.11156E+01 -0.94305E+01 -0.23026E+00 -0.12446E+01 -0.57445E+00  0.12371E+01
 0.14088E+00
 0.19739E+01  0.80713E+03  0.82097E+01 -0.35617E-18 -0.13108E-01  0.30745E+01  0.38727E+00  0.10529E+01 -0.94529E+01 -0.14997E+00 -0.11086E+01 -0.48386E+00  0.12788E+01
 0.13408E+00
 0.19794E+01  0.80938E+03  0.70157E+01  0.50027E-18 -0.10772E-01  0.29322E+01  0.29693E+00  0.97135E+00 -0.85976E+01 -0.88167E-01 -0.94351E+00 -0.37218E+00  0.12033E+01
 0.11479E+00
 0.19841E+01  0.81129E+03  0.57290E+01  0.54241E-18 -0.90285E-02  0.26259E+01  0.21364E+00  0.87167E+00 -0.68954E+01 -0.45644E-01 -0.75980E+00 -0.25306E+00  0.10119E+01
 0.86642E-01
 0.19881E+01  0.81293E+03  0.44244E+01 -0.66680E-18 -0.74194E-02  0.21791E+01  0.14175E+00  0.75130E+00 -0.47486E+01 -0.20094E-01 -0.56445E+00 -0.14598E+00  0.74033E+00
 0.55917E-01
 0.19915E+01  0.81432E+03  0.31778E+01 -0.40375E-18 -0.57088E-02  0.16435E+01  0.84452E-01  0.60715E+00 -0.27010E+01 -0.71322E-02 -0.36863E+00 -0.67939E-01  0.45275E+00
 0.29444E-01
 0.19944E+01  0.81551E+03  0.20450E+01  0.12371E-18 -0.39334E-02  0.10856E+01  0.43229E-01  0.44276E+00 -0.11785E+01 -0.18687E-02 -0.19604E+00 -0.23509E-01  0.21562E+00
 0.11758E-01
 0.19969E+01  0.81653E+03  0.10516E+01 -0.43077E-19 -0.22336E-02  0.56336E+00  0.17182E-01  0.26746E+00 -0.31737E+00 -0.29522E-03 -0.71536E-01 -0.49547E-02  0.66130E-01
 0.29923E-02
 0.19990E+01  0.81739E+03  0.19698E+00  0.63936E-20 -0.70908E-03  0.10558E+00  0.38099E-02  0.90548E-01 -0.11148E-01 -0.14516E-04 -0.81989E-02 -0.21773E-03  0.40758E-02
 0.24109E-03
